Epoch: 1000, Hidden Nodes: 6, Training Loss: 0.12366537870376403, Test Loss: 0.12401093606752939, Elapsed Time: 23248Weights for 0: [0.898725, 0.76615, -0.957718, -0.203799, -0.500463, -0.638967, -0.295348, 0.991594, -0.748428, 0.282559, 0.804755, 0.369556, 0.684743, 0.862532, -0.330623, -0.076983, 0.471886, -0.890415, 0.861182, -0.990309, -0.715333, 0.466912, 0.451567, 0.973246, -0.998303]
Epoch: 1000, Hidden Nodes: 6, Training Loss: 0.026502432402625047, Test Loss: 0.02514201312256055, Elapsed Time: 23431Weights for 1: [0.453181, -0.992043, -0.875756, -0.982932, -0.537428, -0.422125, -0.975821, -0.445776, 0.254939, 0.309936, -0.484339, -0.831381, -0.473606, 0.157572, 0.381089, -0.556255, -0.999714, -0.99515, 0.699302, -0.244785, -0.638577, -0.489284, -0.822343, -0.752786, 0.481277]
Epoch: 1000, Hidden Nodes: 6, Training Loss: 0.04261990702479172, Test Loss: 0.0428000419379637, Elapsed Time: 23579Weights for 2: [0.766561, -0.931047, 0.834022, 0.962091, -0.18477, 0.784426, -0.445133, -0.216472, 0.626569, -0.921002, -0.003744, -0.533067, -0.707889, 0.304784, 0.521642, 0.999802, -0.255487, 0.702938, -0.859263, 0.965078, 0.29329, -0.461044, -0.993287, 0.890913, 0.813511]